
Cancer$AvgHouseholdSize

    > sort(Cancer$AvgHouseholdSize[Cancer$AvgHouseholdSize < 2.0])
    [1] 0.0221 0.0222 0.0222 0.0225 0.0230 0.0236 0.0237 0.0237 0.0239 0.0240 0.0240 0.0240 0.0241 0.0241 0.0242 0.0242 0.0242 0.0243 0.0243 0.0243 0.0243
    [22] 0.0245 0.0247 0.0248 0.0248 0.0248 0.0248 0.0248 0.0248 0.0248 0.0249 0.0249 0.0249 0.0250 0.0251 0.0253 0.0254 0.0254 0.0254 0.0254 0.0255 0.0256
    [43] 0.0257 0.0259 0.0260 0.0260 0.0260 0.0261 0.0261 0.0263 0.0268 0.0268 0.0270 0.0270 0.0271 0.0273 0.0277 0.0277 0.0280 0.0313 0.0322 1.8600 1.8900
    [64] 1.9100 1.9300 1.9400 1.9500 1.9500 1.9700 1.9900 1.9900 1.9900

    I would imagine atleast there would be atleast two people in a household.

